                                           OUR INPUT MATRIX
(2.16379e+012,0)(2.36672e+012,-1.99079e+010)(2.69747e+012,7.45079e+011)(2.70694e+012,1.36292e+012)(1.11178e+012,2.8435e+012)(1.27693e+011,2.96307e+012)(-9.09772e+011,2.92822e+012)(-2.14869e+012,2.21517e+012)(-2.51656e+012,8.77629e+011)(-2.11987e+012,-1.68504e+011)(-1.75761e+012,-3.21382e+011)(-1.36181e+012,1.14158e+011)(-1.05291e+012,4.082e+011)(-9.43067e+011,6.26291e+011)(-4.47628e+011,7.89104e+011)(8.94101e+010,8.83063e+011)(4.42841e+011,1.08527e+012)(3.95459e+011,5.96175e+011)(1.04993e+012,1.03668e+012)(1.4853e+012,7.04897e+011)(1.79386e+012,3.90047e+011)(1.46572e+012,-6.14539e+011)(1.78311e+012,-5.16999e+011)(1.96608e+012,-2.07618e+011)
(2.36672e+012,1.99079e+010)(2.5967e+012,0)(2.95659e+012,8.50413e+011)(2.95937e+012,1.52974e+012)(1.18107e+012,3.13833e+012)(9.99878e+010,3.253e+012)(-1.03414e+012,3.20284e+012)(-2.38162e+012,2.40232e+012)(-2.764e+012,9.30199e+011)(-2.31266e+012,-2.02643e+011)(-1.91592e+012,-3.62142e+011)(-1.48116e+012,1.25235e+011)(-1.14141e+012,4.53144e+011)(-1.02412e+012,6.96529e+011)(-4.77118e+011,8.84005e+011)(1.1993e+011,9.89122e+011)(5.11237e+011,1.19655e+012)(4.5739e+011,6.38065e+011)(1.16086e+012,1.12468e+012)(1.62789e+012,7.63119e+011)(1.95959e+012,4.26257e+011)(1.60302e+012,-6.69921e+011)(1.95033e+012,-5.5555e+011)(2.15788e+012,-2.1093e+011)
(2.69747e+012,-7.45079e+011)(2.95659e+012,-8.50413e+011)(3.65623e+012,0)(3.88276e+012,7.75662e+011)(2.37544e+012,3.2053e+012)(1.17351e+012,3.68655e+012)(-1.35108e+011,3.99612e+012)(-1.93697e+012,3.51623e+012)(-2.8514e+012,1.9541e+012)(-2.69288e+012,5.14343e+011)(-2.28864e+012,2.07806e+011)(-1.62506e+012,6.18728e+011)(-1.12589e+012,8.7832e+011)(-9.09932e+011,1.12018e+012)(-2.17998e+011,1.15144e+012)(4.97749e+011,1.06476e+012)(9.94986e+011,1.15778e+012)(7.24067e+011,5.35041e+011)(1.67682e+012,8.68737e+011)(2.08131e+012,3.174e+011)(2.34968e+012,-1.61853e+011)(1.58991e+012,-1.28231e+012)(2.02746e+012,-1.26326e+012)(2.38585e+012,-9.47221e+011)
(2.70694e+012,-1.36292e+012)(2.95937e+012,-1.52974e+012)(3.88276e+012,-7.75662e+011)(4.29096e+012,0)(3.20611e+012,2.90204e+012)(2.03214e+012,3.66961e+012)(7.07586e+011,4.27781e+012)(-1.31177e+012,4.15302e+012)(-2.61918e+012,2.68689e+012)(-2.75967e+012,1.11976e+012)(-2.39396e+012,7.05657e+011)(-1.60156e+012,1.00053e+012)(-1.01616e+012,1.16976e+012)(-7.3443e+011,1.38113e+012)(6.71098e+009,1.26589e+012)(7.48394e+011,1.02322e+012)(1.2982e+012,1.02097e+012)(8.80321e+011,4.18902e+011)(1.96663e+012,5.69535e+011)(2.28107e+012,-1.04923e+011)(2.46266e+012,-6.73251e+011)(1.41434e+012,-1.70057e+012)(1.88377e+012,-1.77257e+012)(2.32961e+012,-1.51201e+012)
(1.11178e+012,-2.8435e+012)(1.18107e+012,-3.13833e+012)(2.37544e+012,-3.2053e+012)(3.20611e+012,-2.90204e+012)(4.36611e+012,0)(4.0066e+012,1.37303e+012)(3.4228e+012,2.7235e+012)(1.82288e+012,3.99909e+012)(-1.53042e+011,3.78554e+012)(-1.32212e+012,2.69661e+012)(-1.32541e+012,2.13478e+012)(-5.38682e+011,1.81512e+012)(9.50992e+009,1.54438e+012)(3.64033e+011,1.50951e+012)(8.35421e+011,9.19008e+011)(1.21777e+012,2.40968e+011)(1.62264e+012,-1.1259e+011)(9.11563e+011,-2.59421e+011)(1.83644e+012,-8.77131e+011)(1.6308e+012,-1.59271e+012)(1.39231e+012,-2.14646e+012)(-7.91805e+010,-2.21598e+012)(2.23348e+011,-2.59043e+012)(7.22143e+011,-2.69946e+012)
(1.27693e+011,-2.96307e+012)(9.99878e+010,-3.253e+012)(1.17351e+012,-3.68655e+012)(2.03214e+012,-3.66961e+012)(4.0066e+012,-1.37303e+012)(4.11062e+012,0)(3.99994e+012,1.42542e+012)(2.93285e+012,3.1019e+012)(1.05054e+012,3.52937e+012)(-3.70349e+011,2.8992e+012)(-5.51807e+011,2.38272e+012)(6.92872e+010,1.84455e+012)(4.87514e+011,1.42536e+012)(8.01388e+011,1.28221e+012)(1.04787e+012,5.93746e+011)(1.18923e+012,-1.4571e+011)(1.45955e+012,-5.97064e+011)(7.68442e+011,-5.14805e+011)(1.42441e+012,-1.37818e+012)(1.00944e+012,-1.97808e+012)(6.1129e+011,-2.41518e+012)(-7.6783e+011,-2.01644e+012)(-6.08685e+011,-2.45435e+012)(-1.85118e+011,-2.70605e+012)
(-9.09772e+011,-2.92822e+012)(-1.03414e+012,-3.20284e+012)(-1.35108e+011,-3.99612e+012)(7.07586e+011,-4.27781e+012)(3.4228e+012,-2.7235e+012)(3.99994e+012,-1.42542e+012)(4.38966e+012,0)(3.9331e+012,2.00119e+012)(2.25036e+012,3.06982e+012)(6.51183e+011,2.95314e+012)(2.95161e+011,2.51489e+012)(7.16852e+011,1.77588e+012)(9.8081e+011,1.22192e+012)(1.23747e+012,9.75132e+011)(1.24128e+012,2.18852e+011)(1.12547e+012,-5.54019e+011)(1.23105e+012,-1.09688e+012)(5.78234e+011,-7.84845e+011)(9.11903e+011,-1.85383e+012)(2.91548e+011,-2.29217e+012)(-2.52728e+011,-2.57422e+012)(-1.45851e+012,-1.69829e+012)(-1.45422e+012,-2.17788e+012)(-1.1238e+012,-2.57081e+012)
(-2.14869e+012,-2.21517e+012)(-2.38162e+012,-2.40232e+012)(-1.93697e+012,-3.51623e+012)(-1.31177e+012,-4.15302e+012)(1.82288e+012,-3.99909e+012)(2.93285e+012,-3.1019e+012)(3.9331e+012,-2.00119e+012)(4.44054e+012,0)(3.42317e+012,1.72787e+012)(1.93474e+012,2.36056e+012)(1.41169e+012,2.1313e+012)(1.45367e+012,1.28148e+012)(1.43923e+012,6.67549e+011)(1.55544e+012,3.30021e+011)(1.2154e+012,-3.45127e+011)(7.66368e+011,-9.84389e+011)(6.24711e+011,-1.52833e+012)(1.85548e+011,-9.66202e+011)(-7.11677e+009,-2.08216e+012)(-7.70501e+011,-2.19876e+012)(-1.39365e+012,-2.20316e+012)(-2.0807e+012,-8.66889e+011)(-2.29614e+012,-1.2974e+012)(-2.1739e+012,-1.79395e+012)
(-2.51656e+012,-8.77629e+011)(-2.764e+012,-9.30199e+011)(-2.8514e+012,-1.9541e+012)(-2.61918e+012,-2.68689e+012)(-1.53042e+011,-3.78554e+012)(1.05054e+012,-3.52937e+012)(2.25036e+012,-3.06982e+012)(3.42317e+012,-1.72787e+012)(3.31608e+012,0)(2.41664e+012,1.07498e+012)(1.92098e+012,1.10463e+012)(1.62572e+012,4.3842e+011)(1.3786e+012,-2.64251e+010)(1.33572e+012,-3.30286e+011)(8.14433e+011,-7.14137e+011)(2.27565e+011,-1.03386e+012)(-8.49575e+010,-1.41134e+012)(-2.06412e+011,-8.24563e+011)(-7.94987e+011,-1.61349e+012)(-1.43836e+012,-1.41059e+012)(-1.92686e+012,-1.1693e+012)(-1.94217e+012,1.30328e+011)(-2.27584e+012,-1.15921e+011)(-2.36711e+012,-5.4147e+011)
(-2.11987e+012,1.68504e+011)(-2.31266e+012,2.02643e+011)(-2.69288e+012,-5.14343e+011)(-2.75967e+012,-1.11976e+012)(-1.32212e+012,-2.69661e+012)(-3.70349e+011,-2.8992e+012)(6.51183e+011,-2.95314e+012)(1.93474e+012,-2.36056e+012)(2.41664e+012,-1.07498e+012)(2.12167e+012,0)(1.77196e+012,1.87466e+011)(1.35184e+012,-2.04092e+011)(1.02776e+012,-4.65381e+011)(9.00683e+011,-6.7054e+011)(4.05504e+011,-7.8449e+011)(-1.22086e+011,-8.41404e+011)(-4.85788e+011,-1.03637e+012)(-4.12842e+011,-5.78019e+011)(-1.10532e+012,-9.55345e+011)(-1.52055e+012,-5.87782e+011)(-1.79831e+012,-2.41782e+011)(-1.38746e+012,7.19344e+011)(-1.70609e+012,6.48377e+011)(-1.89779e+012,3.5966e+011)
(-1.75761e+012,3.21382e+011)(-1.91592e+012,3.62142e+011)(-2.28864e+012,-2.07806e+011)(-2.39396e+012,-7.05657e+011)(-1.32541e+012,-2.13478e+012)(-5.51807e+011,-2.38272e+012)(2.95161e+011,-2.51489e+012)(1.41169e+012,-2.1313e+012)(1.92098e+012,-1.10463e+012)(1.77196e+012,-1.87466e+011)(1.4997e+012,0)(1.11951e+012,-2.94464e+011)(8.28599e+011,-4.87757e+011)(7.06892e+011,-6.47419e+011)(2.86805e+011,-7.04374e+011)(-1.61096e+011,-7.12605e+011)(-4.93126e+011,-8.46824e+011)(-4.06411e+011,-4.64965e+011)(-1.01662e+012,-7.15195e+011)(-1.33224e+012,-3.65323e+011)(-1.53111e+012,-4.89219e+010)(-1.10382e+012,7.21408e+011)(-1.37392e+012,6.89044e+011)(-1.55673e+012,4.57574e+011)
(-1.36181e+012,-1.14158e+011)(-1.48116e+012,-1.25235e+011)(-1.62506e+012,-6.18728e+011)(-1.60156e+012,-1.00053e+012)(-5.38682e+011,-1.81512e+012)(6.92872e+010,-1.84455e+012)(7.16852e+011,-1.77588e+012)(1.45367e+012,-1.28148e+012)(1.62572e+012,-4.3842e+011)(1.35184e+012,2.04092e+011)(1.11951e+012,2.94464e+011)(9.11145e+011,0)(7.42988e+011,-2.03491e+011)(6.88481e+011,-3.41331e+011)(4.0177e+011,-4.7123e+011)(7.6435e+010,-5.82003e+011)(-1.61482e+011,-7.68268e+011)(-2.08668e+011,-4.77109e+011)(-6.166e+011,-7.7138e+011)(-9.30372e+011,-5.60998e+011)(-1.13848e+012,-3.535e+011)(-9.74981e+011,3.09791e+011)(-1.16204e+012,2.3435e+011)(-1.23734e+012,1.64096e+010)
(-1.05291e+012,-4.082e+011)(-1.14141e+012,-4.53144e+011)(-1.12589e+012,-8.7832e+011)(-1.01616e+012,-1.16976e+012)(9.50992e+009,-1.54438e+012)(4.87514e+011,-1.42536e+012)(9.8081e+011,-1.22192e+012)(1.43923e+012,-6.67549e+011)(1.3786e+012,2.64251e+010)(1.02776e+012,4.65381e+011)(8.28599e+011,4.87757e+011)(7.42988e+011,2.03491e+011)(6.63504e+011,0)(6.55612e+011,-1.18696e+011)(4.68326e+011,-2.92936e+011)(2.37419e+011,-4.69458e+011)(7.32418e+010,-6.87331e+011)(-6.17825e+010,-4.70022e+011)(-3.20997e+011,-7.86789e+011)(-6.25604e+011,-6.79381e+011)(-8.35363e+011,-5.52688e+011)(-8.57977e+011,1.78668e+010)(-9.8374e+011,-8.41656e+010)(-9.82814e+011,-2.84747e+011)
(-9.43067e+011,-6.26291e+011)(-1.02412e+012,-6.96529e+011)(-9.09932e+011,-1.12018e+012)(-7.3443e+011,-1.38113e+012)(3.64033e+011,-1.50951e+012)(8.01388e+011,-1.28221e+012)(1.23747e+012,-9.75132e+011)(1.55544e+012,-3.30021e+011)(1.33572e+012,3.30286e+011)(9.00683e+011,6.7054e+011)(7.06892e+011,6.47419e+011)(6.88481e+011,3.41331e+011)(6.55612e+011,1.18696e+011)(6.77763e+011,0)(5.33451e+011,-2.20292e+011)(3.37169e+011,-4.50848e+011)(2.03437e+011,-6.94695e+011)(6.55533e+009,-4.91569e+011)(-1.73867e+011,-8.48905e+011)(-4.90023e+011,-7.97143e+011)(-7.13699e+011,-7.14115e+011)(-8.51798e+011,-1.57274e+011)(-9.48995e+011,-2.87213e+011)(-9.06704e+011,-4.95596e+011)
(-4.47628e+011,-7.89104e+011)(-4.77118e+011,-8.84005e+011)(-2.17998e+011,-1.15144e+012)(6.71098e+009,-1.26589e+012)(8.35421e+011,-9.19008e+011)(1.04787e+012,-5.93746e+011)(1.24128e+012,-2.18852e+011)(1.2154e+012,3.45127e+011)(8.14433e+011,7.14137e+011)(4.05504e+011,7.8449e+011)(2.86805e+011,7.04374e+011)(4.0177e+011,4.7123e+011)(4.68326e+011,2.92936e+011)(5.33451e+011,2.20292e+011)(5.24653e+011,0)(4.65119e+011,-2.58195e+011)(4.2019e+011,-4.99964e+011)(1.54629e+011,-4.19881e+011)(1.50534e+011,-7.19306e+011)(-1.01329e+011,-7.7021e+011)(-2.81103e+011,-7.74205e+011)(-5.73538e+011,-4.15682e+011)(-5.87244e+011,-5.43392e+011)(-4.68366e+011,-6.98077e+011)
(8.94101e+010,-8.83063e+011)(1.1993e+011,-9.89122e+011)(4.97749e+011,-1.06476e+012)(7.48394e+011,-1.02322e+012)(1.21777e+012,-2.40968e+011)(1.18923e+012,1.4571e+011)(1.12547e+012,5.54019e+011)(7.66368e+011,9.84389e+011)(2.27565e+011,1.03386e+012)(-1.22086e+011,8.41404e+011)(-1.61096e+011,7.12605e+011)(7.6435e+010,5.82003e+011)(2.37419e+011,4.69458e+011)(3.37169e+011,4.50848e+011)(4.65119e+011,2.58195e+011)(5.58825e+011,0)(6.27044e+011,-2.2861e+011)(3.27696e+011,-3.02532e+011)(4.93677e+011,-5.2682e+011)(3.18607e+011,-6.87885e+011)(1.86989e+011,-7.79237e+011)(-2.41748e+011,-6.48669e+011)(-1.72307e+011,-7.59276e+011)(1.80057e+010,-8.34538e+011)
(4.42841e+011,-1.08527e+012)(5.11237e+011,-1.19655e+012)(9.94986e+011,-1.15778e+012)(1.2982e+012,-1.02097e+012)(1.62264e+012,1.1259e+011)(1.45955e+012,5.97064e+011)(1.23105e+012,1.09688e+012)(6.24711e+011,1.52833e+012)(-8.49575e+010,1.41134e+012)(-4.85788e+011,1.03637e+012)(-4.93126e+011,8.46824e+011)(-1.61482e+011,7.68268e+011)(7.32418e+010,6.87331e+011)(2.03437e+011,6.94695e+011)(4.2019e+011,4.99964e+011)(6.27044e+011,2.2861e+011)(8.226e+011,0)(5.18214e+011,-1.86118e+011)(8.27471e+011,-4.24975e+011)(6.85074e+011,-7.1489e+011)(5.51246e+011,-9.00741e+011)(-4.45179e+010,-9.07419e+011)(7.76628e+010,-1.02573e+012)(3.25201e+011,-1.03802e+012)
(3.95459e+011,-5.96175e+011)(4.5739e+011,-6.38065e+011)(7.24067e+011,-5.35041e+011)(8.80321e+011,-4.18902e+011)(9.11563e+011,2.59421e+011)(7.68442e+011,5.14805e+011)(5.78234e+011,7.84845e+011)(1.85548e+011,9.66202e+011)(-2.06412e+011,8.24563e+011)(-4.12842e+011,5.78019e+011)(-4.06411e+011,4.64965e+011)(-2.08668e+011,4.77109e+011)(-6.17825e+010,4.70022e+011)(6.55533e+009,4.91569e+011)(1.54629e+011,4.19881e+011)(3.27696e+011,3.02532e+011)(5.18214e+011,1.86118e+011)(4.02804e+011,0)(6.10029e+011,-1.27146e+011)(5.52093e+011,-3.48007e+011)(4.73741e+011,-4.88521e+011)(9.94643e+010,-5.71053e+011)(1.78136e+011,-6.20565e+011)(3.28001e+011,-5.70496e+011)
(1.04993e+012,-1.03668e+012)(1.16086e+012,-1.12468e+012)(1.67682e+012,-8.68737e+011)(1.96663e+012,-5.69535e+011)(1.83644e+012,8.77131e+011)(1.42441e+012,1.37818e+012)(9.11903e+011,1.85383e+012)(-7.11677e+009,2.08216e+012)(-7.94987e+011,1.61349e+012)(-1.10532e+012,9.55345e+011)(-1.01662e+012,7.15195e+011)(-6.166e+011,7.7138e+011)(-3.20997e+011,7.86789e+011)(-1.73867e+011,8.48905e+011)(1.50534e+011,7.19306e+011)(4.93677e+011,5.2682e+011)(8.27471e+011,4.24975e+011)(6.10029e+011,1.27146e+011)(1.11979e+012,0)(1.14306e+012,-4.11642e+011)(1.10181e+012,-7.20966e+011)(4.2421e+011,-1.04839e+012)(6.17173e+011,-1.13664e+012)(8.71552e+011,-1.03364e+012)
(1.4853e+012,-7.04897e+011)(1.62789e+012,-7.63119e+011)(2.08131e+012,-3.174e+011)(2.28107e+012,1.04923e+011)(1.6308e+012,1.59271e+012)(1.00944e+012,1.97808e+012)(2.91548e+011,2.29217e+012)(-7.70501e+011,2.19876e+012)(-1.43836e+012,1.41059e+012)(-1.52055e+012,5.87782e+011)(-1.33224e+012,3.65323e+011)(-9.30372e+011,5.60998e+011)(-6.25604e+011,6.79381e+011)(-4.90023e+011,7.97143e+011)(-1.01329e+011,7.7021e+011)(3.18607e+011,6.87885e+011)(6.85074e+011,7.1489e+011)(5.52093e+011,3.48007e+011)(1.14306e+012,4.11642e+011)(1.32991e+012,0)(1.41279e+012,-3.39793e+011)(8.28364e+011,-9.35264e+011)(1.06641e+012,-9.61389e+011)(1.29025e+012,-7.72969e+011)
(1.79386e+012,-3.90047e+011)(1.95959e+012,-4.26257e+011)(2.34968e+012,1.61853e+011)(2.46266e+012,6.73251e+011)(1.39231e+012,2.14646e+012)(6.1129e+011,2.41518e+012)(-2.52728e+011,2.57422e+012)(-1.39365e+012,2.20316e+012)(-1.92686e+012,1.1693e+012)(-1.79831e+012,2.41782e+011)(-1.53111e+012,4.89219e+010)(-1.13848e+012,3.535e+011)(-8.35363e+011,5.52688e+011)(-7.13699e+011,7.14115e+011)(-2.81103e+011,7.74205e+011)(1.86989e+011,7.79237e+011)(5.51246e+011,9.00741e+011)(4.73741e+011,4.88521e+011)(1.10181e+012,7.20966e+011)(1.41279e+012,3.39793e+011)(1.60222e+012,0)(1.13033e+012,-7.93573e+011)(1.40009e+012,-7.65572e+011)(1.59667e+012,-5.19927e+011)
(1.46572e+012,6.14539e+011)(1.60302e+012,6.69921e+011)(1.58991e+012,1.28231e+012)(1.41434e+012,1.70057e+012)(-7.91805e+010,2.21598e+012)(-7.6783e+011,2.01644e+012)(-1.45851e+012,1.69829e+012)(-2.0807e+012,8.66889e+011)(-1.94217e+012,-1.30328e+011)(-1.38746e+012,-7.19344e+011)(-1.10382e+012,-7.21408e+011)(-9.74981e+011,-3.09791e+011)(-8.57977e+011,-1.78668e+010)(-8.51798e+011,1.57274e+011)(-5.73538e+011,4.15682e+011)(-2.41748e+011,6.48669e+011)(-4.45179e+010,9.07419e+011)(9.94643e+010,5.71053e+011)(4.2421e+011,1.04839e+012)(8.28364e+011,9.35264e+011)(1.13033e+012,7.93573e+011)(1.19303e+012,0)(1.37132e+012,1.53999e+011)(1.39291e+012,4.25339e+011)
(1.78311e+012,5.16999e+011)(1.95033e+012,5.5555e+011)(2.02746e+012,1.26326e+012)(1.88377e+012,1.77257e+012)(2.23348e+011,2.59043e+012)(-6.08685e+011,2.45435e+012)(-1.45422e+012,2.17788e+012)(-2.29614e+012,1.2974e+012)(-2.27584e+012,1.15921e+011)(-1.70609e+012,-6.48377e+011)(-1.37392e+012,-6.89044e+011)(-1.16204e+012,-2.3435e+011)(-9.8374e+011,8.41656e+010)(-9.48995e+011,2.87213e+011)(-5.87244e+011,5.43392e+011)(-1.72307e+011,7.59276e+011)(7.76628e+010,1.02573e+012)(1.78136e+011,6.20565e+011)(6.17173e+011,1.13664e+012)(1.06641e+012,9.61389e+011)(1.40009e+012,7.65572e+011)(1.37132e+012,-1.53999e+011)(1.60403e+012,0)(1.67057e+012,3.03253e+011)
(1.96608e+012,2.07618e+011)(2.15788e+012,2.1093e+011)(2.38585e+012,9.47221e+011)(2.32961e+012,1.51201e+012)(7.22143e+011,2.69946e+012)(-1.85118e+011,2.70605e+012)(-1.1238e+012,2.57081e+012)(-2.1739e+012,1.79395e+012)(-2.36711e+012,5.4147e+011)(-1.89779e+012,-3.5966e+011)(-1.55673e+012,-4.57574e+011)(-1.23734e+012,-1.64096e+010)(-9.82814e+011,2.84747e+011)(-9.06704e+011,4.95596e+011)(-4.68366e+011,6.98077e+011)(1.80057e+010,8.34538e+011)(3.25201e+011,1.03802e+012)(3.28001e+011,5.70496e+011)(8.71552e+011,1.03364e+012)(1.29025e+012,7.72969e+011)(1.59667e+012,5.19927e+011)(1.39291e+012,-4.25339e+011)(1.67057e+012,-3.03253e+011)(1.81472e+012,0)
iterations : 6 
 
 Eigen Values=
(1.22619e+014,-1.35151e+012)(5.65582e+014,1.07796e+014)(-2.26083e+014,1.10108e+014)(-2.49906e+014,7.18681e+013)(-2.35695e+014,-1.14326e+014)(-1.80683e+014,-1.79183e+014)(1.13307e+014,2.37437e+014)(-6.27056e+012,2.64707e+014)(-1.07368e+014,2.019e+014)(-1.43337e+014,1.12898e+014)(-1.29426e+014,8.21629e+013)(-7.91228e+013,8.65346e+013)(-4.25327e+013,8.70561e+013)(2.29076e+013,-9.43929e+013)(-1.7783e+013,-7.57814e+013)(-5.70821e+013,-5.04092e+013)(9.11238e+013,4.25534e+013)(5.96427e+013,1.45084e+013)(1.2653e+014,4.12165e+012)(-1.3462e+014,4.21416e+013)(-1.35711e+014,7.99502e+013)(-5.65114e+013,1.24105e+014)(-8.2185e+013,1.36453e+014)(-1.11735e+014,1.27628e+014)
(1.22334e+014,-1.19036e+012)(2.47799e+014,-5.34818e+013)(-9.06066e+013,1.94521e+014)(-1.19774e+014,1.98756e+014)(-2.23509e+014,6.78401e+013)(-2.26572e+014,-7.82656e+012)(2.1794e+014,8.64346e+013)(1.56167e+014,1.76459e+014)(5.21053e+013,1.96354e+014)(-2.45889e+013,1.59834e+014)(-3.38752e+013,1.31532e+014)(1.97818e+012,1.03526e+014)(2.63145e+013,8.13984e+013)(-4.37652e+013,-7.43511e+013)(-5.92808e+013,-3.71797e+013)(-6.92995e+013,3.84397e+012)(8.54953e+013,-3.01022e+013)(4.643e+013,-2.88956e+013)(8.34506e+013,-7.55846e+013)(-6.04387e+013,1.0969e+014)(-3.85297e+013,1.34278e+014)(3.92862e+013,1.1447e+014)(2.97589e+013,1.38093e+014)(4.86127e+012,1.50955e+014)
(1.22236e+014,-8.82745e+011)(1.61064e+014,7.724e+010)(-3.92998e+013,1.28294e+014)(-6.48431e+013,1.35598e+014)(-1.40138e+014,5.74233e+013)(-1.46601e+014,8.70546e+012)(1.45758e+014,4.2335e+013)(1.11253e+014,1.04139e+014)(4.52329e+013,1.23176e+014)(-6.25468e+012,1.03882e+014)(-1.37535e+013,8.6144e+013)(7.56945e+012,6.55723e+013)(2.1787e+013,4.96347e+013)(-3.27044e+013,-4.39508e+013)(-4.03242e+013,-1.87862e+013)(-4.38272e+013,8.35713e+012)(5.18985e+013,-2.57813e+013)(2.64545e+013,-2.16364e+013)(4.76397e+013,-5.35692e+013)(-3.11375e+013,7.36054e+013)(-1.60146e+013,8.79603e+013)(3.23118e+013,7.04833e+013)(2.75198e+013,8.64031e+013)(1.25417e+013,9.66337e+013)
(1.2212e+014,-8.66726e+011)(1.67197e+014,5.86009e+012)(-7.26255e+012,1.16496e+014)(-3.20432e+013,1.26389e+014)(-1.0942e+014,7.27635e+013)(-1.23258e+014,3.24531e+013)(1.31282e+014,1.1103e+013)(1.12526e+014,6.9649e+013)(5.95818e+013,9.72086e+013)(1.23747e+013,8.96448e+013)(2.90811e+012,7.57817e+013)(1.75107e+013,5.46439e+013)(2.68663e+013,3.86651e+013)(-3.51958e+013,-3.19453e+013)(-3.73357e+013,-9.25503e+012)(-3.57265e+013,1.44026e+013)(3.97658e+013,-3.06134e+013)(1.8912e+013,-2.2801e+013)(3.14604e+013,-5.36725e+013)(-1.39429e+013,6.79704e+013)(1.44082e+012,7.75629e+013)(3.95276e+013,5.43565e+013)(3.8143e+013,6.87208e+013)(2.71391e+013,7.99071e+013)
(1.22284e+014,-7.29097e+011)(1.44202e+014,5.00416e+013)(-2.40645e+013,1.05278e+014)(-4.63541e+013,1.07469e+014)(-1.07511e+014,4.9037e+013)(-1.14079e+014,1.11899e+013)(1.14872e+014,2.86207e+013)(8.9801e+013,7.8e+013)(3.87487e+013,9.49336e+013)(-2.2684e+012,8.12502e+013)(-8.6601e+012,6.74533e+013)(7.12216e+012,5.07457e+013)(1.75798e+013,3.79219e+013)(-2.59179e+013,-3.30815e+013)(-3.08931e+013,-1.32465e+013)(-3.26925e+013,7.74363e+012)(3.86912e+013,-2.09971e+013)(1.95326e+013,-1.66261e+013)(3.53688e+013,-4.22243e+013)(-2.22682e+013,5.75349e+013)(-1.01763e+013,6.84922e+013)(2.68384e+013,5.36767e+013)(2.35945e+013,6.6295e+013)(1.25369e+013,7.45822e+013)
(1.22289e+014,-8.53636e+011)(1.57661e+014,6.81148e+013)(-1.55056e+013,1.21266e+014)(-3.69465e+013,1.24611e+014)(-1.12039e+014,6.83296e+013)(-1.24363e+014,2.74828e+013)(1.30546e+014,1.63815e+013)(1.0947e+014,7.42374e+013)(5.53813e+013,9.97549e+013)(8.17983e+012,9.01896e+013)(-7.6376e+011,7.5777e+013)(1.44291e+013,5.53426e+013)(2.42792e+013,3.98637e+013)(-3.28183e+013,-3.34342e+013)(-3.56723e+013,-1.09573e+013)(-3.50052e+013,1.23596e+013)(4.01657e+013,-2.78224e+013)(1.98067e+013,-2.07129e+013)(3.388e+013,-5.12198e+013)(-1.73142e+013,6.65946e+013)(-2.34603e+012,7.71571e+013)(3.67122e+013,5.58722e+013)(3.48252e+013,7.01851e+013)(2.36934e+013,8.06322e+013)
(1.22151e+014,-9.9467e+011)(1.83823e+014,5.1013e+013)(1.99696e+013,1.2938e+014)(-5.43804e+012,1.43584e+014)(-1.01179e+014,1.03798e+014)(-1.2556e+014,6.35286e+013)(1.44312e+014,-1.829e+013)(1.37638e+014,4.94021e+013)(8.67723e+013,9.15438e+013)(3.37135e+013,9.43717e+013)(2.01827e+013,8.14483e+013)(3.09666e+013,5.53954e+013)(3.73357e+013,3.60844e+013)(-4.47451e+013,-2.69015e+013)(-4.17193e+013,-2.02266e+012)(-3.46917e+013,2.2903e+013)(3.59005e+013,-4.11896e+013)(1.57393e+013,-2.82114e+013)(2.22544e+013,-6.4745e+013)(-3.3721e+010,7.65707e+013)(1.90348e+013,8.35751e+013)(5.50253e+013,4.97543e+013)(5.68826e+013,6.55389e+013)(4.76574e+013,7.98336e+013)
(1.22199e+014,-1.04899e+012)(2.12536e+014,1.01958e+014)(2.14172e+013,1.28532e+014)(-5.11129e+012,1.40118e+014)(-9.8504e+013,1.01567e+014)(-1.22464e+014,6.23635e+013)(1.40899e+014,-1.81731e+013)(1.34655e+014,4.79965e+013)(8.51296e+013,8.93954e+013)(3.31559e+013,9.24935e+013)(1.97725e+013,7.98887e+013)(3.02309e+013,5.45723e+013)(3.64283e+013,3.57992e+013)(-4.36009e+013,-2.68199e+013)(-4.05864e+013,-2.67095e+012)(-3.38794e+013,2.15676e+013)(3.5463e+013,-3.95935e+013)(1.60699e+013,-2.72939e+013)(2.22893e+013,-6.32173e+013)(-4.005e+011,7.50037e+013)(1.84486e+013,8.18728e+013)(5.37261e+013,4.87772e+013)(5.56058e+013,6.41606e+013)(4.6532e+013,7.78971e+013)
(1.2228e+014,-1.0983e+012)(1.93413e+014,2.12313e+014)(1.88314e+013,1.27856e+014)(-9.55839e+012,1.3515e+014)(-9.84045e+013,9.50307e+013)(-1.20398e+014,5.64243e+013)(1.36819e+014,-1.30349e+013)(1.28795e+014,5.08168e+013)(7.96323e+013,8.942e+013)(2.90453e+013,9.09805e+013)(1.63431e+013,7.83265e+013)(2.72175e+013,5.43667e+013)(3.38179e+013,3.65403e+013)(-4.0982e+013,-2.80872e+013)(-3.88146e+013,-4.81249e+012)(-3.33433e+013,1.86904e+013)(3.60174e+013,-3.61824e+013)(1.72782e+013,-2.53669e+013)(2.44181e+013,-6.01832e+013)(-3.49715e+012,7.26598e+013)(1.47406e+013,8.00385e+013)(5.01532e+013,4.92422e+013)(5.15254e+013,6.41532e+013)(4.22422e+013,7.68334e+013)
(1.22224e+014,-1.38254e+012)(-2.91043e+014,5.24625e+014)(5.03346e+013,1.19285e+014)(3.04171e+013,1.37772e+014)(-6.97294e+013,1.2402e+014)(-1.03196e+014,9.2315e+013)(1.32737e+014,-5.39004e+013)(1.44082e+014,1.21094e+013)(1.06854e+014,6.54396e+013)(5.6981e+013,8.27987e+013)(4.02732e+013,7.41865e+013)(4.42713e+013,4.72751e+013)(4.5764e+013,2.76103e+013)(-5.03577e+013,-1.71411e+013)(-4.15056e+013,5.24383e+012)(-2.95574e+013,2.73617e+013)(2.73982e+013,-4.67917e+013)(1.14699e+013,-3.16351e+013)(7.59726e+012,-6.87933e+013)(1.78986e+013,7.51263e+013)(3.88613e+013,7.66735e+013)(6.53353e+013,3.4827e+013)(7.1123e+013,4.91677e+013)(6.50046e+013,6.44029e+013)
(1.22197e+014,-1.51335e+012)(-4.99644e+014,-4.97219e+013)(5.675e+013,1.29497e+014)(3.49884e+013,1.50054e+014)(-7.42978e+013,1.36178e+014)(-1.11164e+014,1.02179e+014)(1.44049e+014,-6.07156e+013)(1.5744e+014,1.09281e+013)(1.17809e+014,6.95347e+013)(6.40166e+013,8.94548e+013)(4.56598e+013,8.05417e+013)(4.98986e+013,5.1158e+013)(5.1422e+013,2.965e+013)(-5.62915e+013,-1.82525e+013)(-4.65602e+013,6.04224e+012)(-3.33657e+013,3.03473e+013)(3.04651e+013,-5.22653e+013)(1.25975e+013,-3.59825e+013)(7.45789e+012,-7.6372e+013)(2.09414e+013,8.26705e+013)(4.39885e+013,8.37176e+013)(7.23497e+013,3.73167e+013)(7.8835e+013,5.28081e+013)(7.19698e+013,6.96728e+013)
(1.22179e+014,-2.10476e+012)(-1.03589e+014,-5.98082e+013)(1.58079e+014,1.20822e+014)(1.61023e+014,1.69344e+014)(8.50629e+012,2.3414e+014)(-6.52429e+013,2.18891e+014)(1.40722e+014,-1.90669e+014)(2.13752e+014,-1.08682e+014)(2.08341e+014,-2.3474e+012)(1.55688e+014,6.61868e+013)(1.25059e+014,6.98455e+013)(1.09181e+014,2.81268e+013)(9.53132e+013,-1.44774e+012)(-9.30362e+013,1.96474e+013)(-6.26905e+013,4.40633e+013)(-2.71257e+013,6.7381e+013)(4.36627e+012,-9.70454e+013)(-1.02756e+013,-6.36129e+013)(-5.00734e+013,-1.11468e+014)(9.41663e+013,9.59448e+013)(1.25509e+014,7.75044e+013)(1.26394e+014,-7.0234e+012)(1.4648e+014,7.79107e+012)(1.48775e+014,3.62311e+013)
(1.2195e+014,-2.59265e+012)(-4.93641e+013,-4.83089e+013)(1.75766e+014,2.04383e+013)(1.88916e+014,5.82713e+013)(1.03029e+014,1.6797e+014)(4.32177e+013,1.87276e+014)(2.3938e+013,-1.98473e+014)(1.10955e+014,-1.69298e+014)(1.51144e+014,-9.00223e+013)(1.42707e+014,-1.8827e+013)(1.22639e+014,-2.98255e+012)(9.42084e+013,-2.8014e+013)(7.1887e+013,-4.47052e+013)(-6.30335e+013,5.70334e+013)(-3.1003e+013,6.32925e+013)(5.90804e+012,6.68595e+013)(-3.83758e+013,-7.94029e+013)(-3.83627e+013,-4.67612e+013)(-8.77905e+013,-6.36153e+013)(1.13555e+014,3.14548e+013)(1.27745e+014,3.5952e+012)(9.17527e+013,-5.97444e+013)(1.12253e+014,-5.71633e+013)(1.25667e+014,-3.53695e+013)
(1.21363e+014,-2.6291e+012)(-2.5777e+013,-5.62415e+013)(9.61497e+013,1.51324e+013)(9.79757e+013,3.4793e+013)(4.98603e+013,9.03647e+013)(1.82124e+013,9.88345e+013)(1.69509e+013,-1.03336e+014)(6.14845e+013,-8.59586e+013)(8.03272e+013,-4.37182e+013)(7.42528e+013,-7.51574e+012)(6.37121e+013,4.39008e+010)(4.90783e+013,-1.41428e+013)(3.74794e+013,-2.35876e+013)(-3.32413e+013,3.04026e+013)(-1.62818e+013,3.47336e+013)(3.68717e+012,3.72366e+013)(-2.11846e+013,-4.31975e+013)(-2.17291e+013,-2.44034e+013)(-4.66072e+013,-3.38356e+013)(5.97913e+013,1.71151e+013)(6.70373e+013,3.00948e+012)(4.88319e+013,-3.04959e+013)(5.94277e+013,-2.8483e+013)(6.67011e+013,-1.63657e+013)
(1.2022e+014,-2.79472e+012)(-1.2329e+012,-3.62562e+013)(6.05804e+013,1.28548e+013)(6.31811e+013,2.44999e+013)(3.0014e+013,5.93235e+013)(9.69177e+012,6.37381e+013)(1.27499e+013,-6.62553e+013)(4.04605e+013,-5.41948e+013)(5.12611e+013,-2.70989e+013)(4.69733e+013,-5.30501e+012)(4.07015e+013,-8.97899e+011)(3.12359e+013,-1.10979e+013)(2.35898e+013,-1.78297e+013)(-2.11998e+013,2.24732e+013)(-1.0015e+013,2.62384e+013)(4.03409e+012,2.81896e+013)(-1.69829e+013,-3.05577e+013)(-1.8047e+013,-1.57481e+013)(-3.30997e+013,-2.12588e+013)(4.04531e+013,9.6346e+012)(4.40847e+013,7.20203e+011)(3.17366e+013,-2.07484e+013)(3.83852e+013,-1.89961e+013)(4.38519e+013,-1.00982e+013)
(1.19192e+014,-2.2075e+012)(9.36258e+012,-2.87591e+013)(3.82249e+013,1.7987e+013)(3.70692e+013,2.5281e+013)(9.94449e+012,4.27974e+013)(-3.76745e+012,4.2238e+013)(1.82862e+013,-4.04591e+013)(3.39286e+013,-2.82574e+013)(3.63069e+013,-9.25561e+012)(2.99065e+013,3.33749e+012)(2.53961e+013,4.86774e+012)(2.0499e+013,-3.38256e+012)(1.633e+013,-8.94599e+012)(-1.55554e+013,1.24528e+013)(-8.5912e+012,1.67544e+013)(6.51618e+011,1.97681e+013)(-8.81818e+012,-2.19148e+013)(-1.10841e+013,-1.12393e+013)(-1.92117e+013,-1.68492e+013)(2.47051e+013,1.04684e+013)(2.77832e+013,5.70598e+012)(2.26644e+013,-9.30811e+012)(2.66581e+013,-6.98067e+012)(2.95424e+013,-3.3622e+011)
(1.19926e+014,-2.51835e+012)(4.398e+012,-4.0824e+013)(4.35445e+013,1.39431e+013)(4.37359e+013,2.18825e+013)(1.74697e+013,4.48835e+013)(2.43426e+012,4.66306e+013)(1.38383e+013,-4.68204e+013)(3.30491e+013,-3.60266e+013)(3.88746e+013,-1.55419e+013)(3.38913e+013,-7.21292e+010)(2.89074e+013,2.51744e+012)(2.26163e+013,-5.37381e+012)(1.74853e+013,-1.06389e+013)(-1.60388e+013,1.42191e+013)(-8.08666e+012,1.75664e+013)(1.79287e+012,1.96812e+013)(-1.03849e+013,-2.2033e+013)(-1.15273e+013,-1.15305e+013)(-2.18292e+013,-1.67983e+013)(2.77967e+013,9.32427e+012)(3.10852e+013,3.39345e+012)(2.37428e+013,-1.26481e+013)(2.8454e+013,-1.08691e+013)(3.19085e+013,-4.39419e+012)
(1.19764e+014,-4.73303e+012)(-9.87002e+012,-2.48229e+013)(2.85463e+013,-6.82137e+012)(3.03698e+013,-3.39734e+012)(2.43504e+013,1.70189e+013)(1.74952e+013,2.31194e+013)(-9.09504e+012,-2.91726e+013)(4.39578e+012,-3.05246e+013)(1.45577e+013,-2.23154e+013)(1.8149e+013,-1.28975e+013)(1.68012e+013,-9.61415e+012)(1.10671e+013,-1.19985e+013)(6.64285e+012,-1.32925e+013)(-4.83887e+012,1.46305e+013)(2.8201e+011,1.40227e+013)(6.61085e+012,1.23181e+013)(-1.34471e+013,-1.08198e+013)(-1.19336e+013,-4.12419e+012)(-1.93747e+013,-2.47901e+012)(1.99196e+013,-4.65741e+012)(1.9037e+013,-9.62257e+012)(8.7936e+012,-1.58998e+013)(1.16313e+013,-1.65612e+013)(1.55586e+013,-1.35434e+013)
(1.21229e+014,-2.87818e+012)(-2.33902e+013,-6.74078e+013)(6.13209e+013,-1.07267e+013)(7.09589e+013,-7.67468e+012)(5.77512e+013,4.12063e+013)(4.05784e+013,5.59191e+013)(-2.01093e+013,-6.91544e+013)(1.28214e+013,-7.14418e+013)(3.70394e+013,-5.05925e+013)(4.37182e+013,-2.61223e+013)(3.92228e+013,-1.84137e+013)(2.58284e+013,-2.27587e+013)(1.5773e+013,-2.50732e+013)(-1.1097e+013,2.80944e+013)(8.23192e+011,2.56045e+013)(1.37668e+013,2.10688e+013)(-2.58418e+013,-1.95884e+013)(-2.01756e+013,-8.04994e+012)(-3.84447e+013,-6.76378e+012)(4.17302e+013,-7.22802e+012)(4.21822e+013,-1.8097e+013)(2.08966e+013,-3.34308e+013)(2.80544e+013,-3.52952e+013)(3.61657e+013,-3.02227e+013)
(1.21577e+014,-2.72133e+012)(-4.30385e+013,-9.43989e+013)(6.7276e+013,-1.92064e+013)(7.88103e+013,-1.18772e+013)(6.66363e+013,4.34711e+013)(4.7974e+013,6.08791e+013)(-2.55252e+013,-7.65019e+013)(1.14703e+013,-8.05046e+013)(3.96803e+013,-5.80489e+013)(4.80737e+013,-3.04351e+013)(4.31356e+013,-2.15422e+013)(2.80494e+013,-2.55162e+013)(1.68123e+013,-2.75027e+013)(-1.13717e+013,3.06151e+013)(1.75357e+012,2.70572e+013)(1.5573e+013,2.1391e+013)(-2.8303e+013,-1.98305e+013)(-2.12622e+013,-8.17109e+012)(-4.19271e+013,-6.34219e+012)(4.55327e+013,-9.01825e+012)(4.60664e+013,-2.1214e+013)(2.20189e+013,-3.76384e+013)(2.99918e+013,-4.0147e+013)(3.89334e+013,-3.5214e+013)
(1.22056e+014,-2.46149e+012)(-8.80771e+013,-1.65362e+014)(8.23605e+013,-5.23955e+013)(9.80964e+013,-5.3701e+013)(1.09181e+014,2.52917e+013)(9.27396e+013,5.75218e+013)(-7.03474e+013,-8.88203e+013)(-2.31e+013,-1.11834e+014)(2.51568e+013,-9.54714e+013)(4.93214e+013,-6.23276e+013)(4.67677e+013,-4.81215e+013)(2.51272e+013,-4.57758e+013)(9.51443e+012,-4.28325e+013)(-7.69112e+011,4.42189e+013)(1.46931e+013,3.29524e+013)(2.95992e+013,1.88708e+013)(-4.47757e+013,-1.16187e+013)(-2.97925e+013,-9.84578e+011)(-5.66586e+013,1.07963e+013)(5.48641e+013,-3.22704e+013)(5.04972e+013,-4.87426e+013)(1.14826e+013,-5.93976e+013)(2.08366e+013,-6.67218e+013)(3.45052e+013,-6.49604e+013)
(1.22243e+014,-2.37712e+012)(-6.31182e+013,-2.10473e+014)(6.98001e+013,-8.61652e+013)(8.7607e+013,-9.56486e+013)(1.29384e+014,-1.2952e+013)(1.23241e+014,2.86431e+013)(-1.10228e+014,-7.12935e+013)(-6.68483e+013,-1.1403e+014)(-7.80975e+012,-1.13879e+014)(3.08071e+013,-8.63119e+013)(3.31732e+013,-6.98497e+013)(1.02777e+013,-5.91029e+013)(-5.75703e+012,-4.9993e+013)(1.58843e+013,4.82466e+013)(2.86949e+013,3.00323e+013)(3.96045e+013,8.90888e+012)(-5.30766e+013,4.60024e+012)(-3.23923e+013,1.0302e+013)(-5.75546e+013,3.29513e+013)(4.77813e+013,-5.55378e+013)(3.7157e+013,-7.19611e+013)(-9.44889e+012,-6.93186e+013)(-1.91302e+012,-8.08974e+013)(1.36815e+013,-8.43014e+013)
(1.22554e+014,-1.9722e+012)(-1.90163e+014,-5.35348e+014)(2.36082e+013,-2.23415e+014)(2.50738e+013,-2.60365e+014)(1.93275e+014,-1.78258e+014)(2.33922e+014,-1.03308e+014)(-2.64175e+014,1.85886e+013)(-2.45906e+014,-1.03249e+014)(-1.50185e+014,-1.74781e+014)(-5.37997e+013,-1.76551e+014)(-2.99839e+013,-1.52514e+014)(-5.32156e+013,-1.07419e+014)(-6.7643e+013,-7.34412e+013)(8.17253e+013,5.80911e+013)(7.98081e+013,1.33056e+013)(7.13758e+013,-3.32381e+013)(-7.72001e+013,6.97222e+013)(-3.85855e+013,5.26678e+013)(-5.26613e+013,1.19725e+014)(1.08345e+013,-1.44791e+014)(-2.54839e+013,-1.59345e+014)(-9.72239e+013,-1.00105e+014)(-9.93211e+013,-1.28247e+014)(-7.91959e+013,-1.52344e+014)
(1.22483e+014,-1.44617e+012)(2.4518e+014,-7.04965e+013)(-4.53087e+014,-1.09903e+014)(-3.98875e+014,-2.17774e+014)(-1.51345e+014,-4.31479e+014)(-3.38229e+012,-4.43829e+014)(-1.51451e+014,4.33405e+014)(-3.32429e+014,3.19697e+014)(-3.79504e+014,1.17729e+014)(-3.1411e+014,-3.513e+013)(-2.59678e+014,-5.53307e+013)(-2.02096e+014,1.26791e+013)(-1.56826e+014,5.86605e+013)(1.41791e+014,-9.21208e+013)(6.77557e+013,-1.19716e+014)(-1.32988e+013,-1.35943e+014)(6.59461e+013,1.65331e+014)(6.05997e+013,8.90124e+013)(1.55036e+014,1.57835e+014)(-2.20119e+014,-1.10105e+014)(-2.66974e+014,-6.50138e+013)(-2.21994e+014,8.6689e+013)(-2.68812e+014,7.0216e+013)(-2.96097e+014,2.25272e+013)